3匹の狼
160
0,0
30,0
70,0
110,0
160,0
190,0
240,0
280,0
320,0
360,0
400,0
440,0
470,0
520,0
550,0
590,0
0,30
30,30
80,40
120,30
160,30
200,40
230,30
270,40
310,30
350,30
400,40
440,40
480,40
520,30
560,30
590,40
0,70
30,80
70,80
120,80
150,80
200,80
240,80
280,80
320,70
360,70
400,70
430,80
470,70
510,80
560,80
600,70
0,110
30,120
70,110
120,110
150,110
200,110
240,110
280,120
320,110
350,110
390,110
440,120
470,120
510,120
550,110
590,110
0,150
30,160
70,150
110,160
150,150
200,150
230,150
270,160
310,150
350,150
390,160
440,160
480,150
520,150
550,150
600,150
0,190
30,190
70,200
120,190
150,190
190,200
230,200
280,190
310,200
360,190
400,200
430,190
470,190
510,200
560,200
590,200
0,230
30,230
70,230
120,240
150,230
200,240
230,240
280,230
320,230
360,230
390,240
440,240
480,240
510,240
560,240
590,240
0,280
30,270
70,280
120,270
160,280
200,270
240,270
280,270
310,280
350,270
390,280
440,280
480,270
510,270
550,270
600,270
0,320
40,310
80,320
110,310
160,320
190,320
230,320
270,310
310,320
360,310
390,320
430,310
470,310
510,320
560,310
600,320
0,360
30,350
70,360
110,350
160,350
200,360
230,350
270,350
320,360
360,350
400,350
440,350
470,350
510,350
550,360
590,350
1,16
0,2,17
1,3,18
2,4,19
3,5,20
4,6,21
5,7,22
6,8,23
7,9,24
8,10,25
9,11,26
10,12,27
11,13,28
12,14,29
13,15,30
14,31
0,17,32
1,16,18,33
2,17,19,34
3,18,20,35
4,19,21,36
5,20,22,37
6,21,23,38
7,22,24,39
8,23,25,40
9,24,26,41
10,25,27,42
11,26,28,43
12,27,29,44
13,28,30,45
14,29,31,46
15,30,47
16,33,48
17,32,34,49
18,33,35,50
19,34,36,51
20,35,37,52
21,36,38,53
22,37,39,54
23,38,40,55
24,39,41,56
25,40,42,57
26,41,43,58
27,42,44,59
28,43,45,60
29,44,46,61
30,45,47,62
31,46,63
32,49,64
33,48,50,65
34,49,51,66
35,50,52,67
36,51,53,68
37,52,54,69
38,53,55,70
39,54,56,71
40,55,57,72
41,56,58,73
42,57,59,74
43,58,60,75
44,59,61,76
45,60,62,77
46,61,63,78
47,62,79
48,65,80
49,64,66,81
50,65,67,82
51,66,68,83
52,67,69,84
53,68,70,85
54,69,71,86
55,70,72,87
56,71,73,88
57,72,74,89
58,73,75,90
59,74,76,91
60,75,77,92
61,76,78,93
62,77,79,94
63,78,95
64,81,96
65,80,82,97
66,81,83,98
67,82,84,99
68,83,85,100
69,84,86,101
70,85,87,102
71,86,88,103
72,87,89,104
73,88,90,105
74,89,91,106
75,90,92,107
76,91,93,108
77,92,94,109
78,93,95,110
79,94,111
80,97,112
81,96,98,113
82,97,99,114
83,98,100,115
84,99,101,116
85,100,102,117
86,101,103,118
87,102,104,119
88,103,105,120
89,104,106,121
90,105,107,122
91,106,108,123
92,107,109,124
93,108,110,125
94,109,111,126
95,110,127
96,113,128
97,112,114,129
98,113,115,130
99,114,116,131
100,115,117,132
101,116,118,133
102,117,119,134
103,118,120,135
104,119,121,136
105,120,122,137
106,121,123,138
107,122,124,139
108,123,125,140
109,124,126,141
110,125,127,142
111,126,143
112,129,144
113,128,130,145
114,129,131,146
115,130,132,147
116,131,133,148
117,132,134,149
118,133,135,150
119,134,136,151
120,135,137,152
121,136,138,153
122,137,139,154
123,138,140,155
124,139,141,156
125,140,142,157
126,141,143,158
127,142,159
128,145
129,144,146
130,145,147
131,146,148
132,147,149
133,148,150
134,149,151
135,150,152
136,151,153
137,152,154
138,153,155
139,154,156
140,155,157
141,156,158
142,157,159
143,158
0,0,40,40
50,0,50,40
110,0,50,50
170,0,60,40
240,0,40,40
290,0,60,50
360,0,50,40
420,0,50,50
480,0,50,40
540,0,50,40
600,0,50,50
660,0,40,50
710,0,60,50
780,0,40,40
830,0,50,40
890,0,50,50
0,50,40,50
50,50,60,60
120,60,50,50
180,50,50,60
240,50,50,60
300,60,40,50
350,50,50,60
410,60,50,50
470,50,50,50
530,50,60,50
600,60,50,40
660,60,50,50
720,60,50,40
780,50,50,60
840,50,40,60
890,60,50,40
0,110,40,50
50,120,50,50
110,120,60,40
180,120,40,40
230,120,60,40
300,120,50,40
360,120,50,40
420,120,50,50
480,110,50,50
540,110,50,50
600,110,40,50
650,120,50,50
710,110,50,60
770,120,60,50
840,120,50,40
900,110,40,50
0,170,40,50
50,180,50,50
110,170,60,50
180,170,40,60
230,170,60,50
300,170,50,50
360,170,50,50
420,180,50,50
480,170,40,50
530,170,50,50
590,170,60,60
660,180,40,50
710,180,50,40
770,180,50,40
830,170,50,50
890,170,50,50
0,230,40,50
50,240,50,40
110,230,50,60
170,240,50,40
230,230,60,50
300,230,40,60
350,230,50,60
410,240,50,40
470,230,50,60
530,230,50,50
590,240,60,50
660,240,50,40
720,230,50,50
780,230,40,60
830,230,60,60
900,230,40,60
0,290,40,50
50,290,50,50
110,300,60,40
180,290,40,60
230,290,50,50
290,300,50,50
350,300,60,50
420,290,40,50
470,300,60,40
540,290,50,50
600,300,40,50
650,290,50,60
710,290,50,60
770,300,60,50
840,300,40,50
890,300,50,50
0,350,40,60
50,350,50,50
110,350,60,60
180,360,40,40
230,350,60,60
300,360,40,40
350,360,60,40
420,350,50,50
480,350,50,60
540,350,40,50
590,360,60,50
660,360,50,50
720,360,40,40
770,360,60,40
840,360,40,40
890,360,50,40
0,420,40,50
50,410,50,50
110,420,60,50
180,410,50,50
240,420,50,50
300,410,50,60
360,410,50,60
420,410,40,50
470,420,50,50
530,410,50,50
590,420,60,50
660,420,50,40
720,410,40,50
770,410,50,60
830,410,60,50
900,410,40,60
0,480,50,50
60,470,50,50
120,480,40,50
170,470,60,50
240,480,40,40
290,480,50,50
350,480,50,40
410,470,50,50
470,480,60,50
540,470,40,50
590,480,50,40
650,470,50,50
710,470,50,50
770,480,60,40
840,470,50,60
900,480,40,40
0,540,40,40
50,530,50,50
110,540,50,40
170,530,60,50
240,530,50,50
300,540,40,40
350,530,50,50
410,530,60,50
480,540,50,40
540,530,50,50
600,530,50,50
660,530,40,50
710,530,50,50
770,530,50,50
830,540,50,40
890,530,50,50
