1
26
黒猫 kuroneko
16,90,90,0,0
36,60,60,0,0
81,40,40,0,0
カップケーキ cupcake
20,128,128,0,0
80,60,60,0,30
120,50,50,10,40
サル monkey
40,80,85,0,0
70,64,60,0,0
126,45,45,0,0
クリスタル crystal
50,80,80,0,0
78,68,60,0,0
128,50,50,0,0
夜景 city
40,80,85,0,0
70,64,60,0,0
96,53,53,0,0
フィガロ figaro
45,70,80,10,0
77,58,58,0,0
160,40,40,0,0
色えんぴつ colorPen
40,80,80,0,20
70,60,60,0,0
160,40,40,0,20
かつ丼 katudon
48,110,110,0,0
88,80,80,0,0
192,55,55,0,0
ひよこ気球 hiyokoBaloon
40,80,80,0,0
70,64,60,0,0
160,40,42,0,0
ヴェネツィア Venice
40,80,85,0,0
70,64,60,0,0
160,40,43,0,0
明石海峡大橋 akashi
40,80,80,0,20
70,64,60,0,7
160,40,42,0,7
３匹の狼 wolf3
70,64,60,0,7
96,52,53,10,0
160,40,42,0,7
酒樽 SakeBarrel
40,80,79,0,0
60,64,65,0,0
144,40,43,0,0
富士山と塔 huji5
50,64,69,0,0
72,53,57,4,0
128,40,43,0,0
ピザ pizza
45,70,76,0,0
60,64,60,0,0
144,40,42,0,0
ピザ２ pizza2
48,70,70,0,0
77,58,60,0,0
160,40,42,0,0
ハンバーガー hanbargar
80,64,60,0,0
108,50,50,30,20
192,40,40,0,0
イエローストーン yello
40,80,85,0,0
70,64,60,0,0
160,40,42,0,0
ブロッコリー desert
40,80,86,0,0
70,64,60,0,0
160,40,43,0,0
肉 meat
108,106,106,0,0
208,80,73,0,11
315,60,64,0,0
吉野家 yosinoya
100,92,85,0,0
156,70,70,0,0
306,50,50,10,0
歯車 gear
77,115,118,0,0
160,80,83,0,0
273,60,64,0,0
宇宙 astronomy
117,98,97,0,0
176,80,79,0,0
294,60,60,10,30
バナナ banana
104,98,106,0,0
160,80,85,0,0
273,60,64,0,0
月 moon
100,100,100,0,0
256,62,62,4,4
400,50,50,0,0
中世の城 Christine
320,96,80,0,0
640,60,64,0,0
1280,48,40,0,0