ピザ2
160
0,0
30,0
70,0
110,0
160,0
190,0
240,0
270,0
320,0
360,0
390,0
430,0
470,0
520,0
560,0
590,0
0,40
30,40
70,30
110,30
150,30
190,30
240,40
270,40
310,30
360,40
390,30
440,30
480,30
510,30
550,40
590,30
0,70
40,80
80,70
120,80
160,70
200,70
230,70
270,70
320,70
350,80
390,80
430,80
470,80
510,80
550,80
590,70
0,110
40,120
70,110
120,120
160,120
190,110
230,120
280,110
320,110
350,110
400,110
440,110
480,120
510,120
550,110
600,110
0,160
40,150
70,150
120,150
160,160
190,160
240,150
270,160
310,150
360,150
400,160
430,150
470,150
520,150
560,150
590,150
0,200
30,200
70,190
120,200
160,200
200,200
230,190
280,200
310,200
360,200
390,200
440,190
480,190
520,200
560,190
590,190
0,240
30,240
80,230
120,240
160,230
200,240
240,240
280,230
310,240
350,240
390,240
440,240
470,230
510,230
560,240
600,240
0,270
40,270
80,270
120,270
150,280
190,280
240,270
270,270
310,270
360,280
400,280
440,280
470,270
510,270
560,280
590,270
0,310
40,310
70,310
120,320
160,310
200,320
230,320
270,320
310,310
350,310
390,310
440,310
470,310
520,320
560,320
600,310
0,360
30,350
80,350
110,350
160,360
190,360
230,360
270,350
310,350
360,360
390,360
430,360
480,350
510,360
550,350
600,350
1,16
0,2,17
1,3,18
2,4,19
3,5,20
4,6,21
5,7,22
6,8,23
7,9,24
8,10,25
9,11,26
10,12,27
11,13,28
12,14,29
13,15,30
14,31
0,17,32
1,16,18,33
2,17,19,34
3,18,20,35
4,19,21,36
5,20,22,37
6,21,23,38
7,22,24,39
8,23,25,40
9,24,26,41
10,25,27,42
11,26,28,43
12,27,29,44
13,28,30,45
14,29,31,46
15,30,47
16,33,48
17,32,34,49
18,33,35,50
19,34,36,51
20,35,37,52
21,36,38,53
22,37,39,54
23,38,40,55
24,39,41,56
25,40,42,57
26,41,43,58
27,42,44,59
28,43,45,60
29,44,46,61
30,45,47,62
31,46,63
32,49,64
33,48,50,65
34,49,51,66
35,50,52,67
36,51,53,68
37,52,54,69
38,53,55,70
39,54,56,71
40,55,57,72
41,56,58,73
42,57,59,74
43,58,60,75
44,59,61,76
45,60,62,77
46,61,63,78
47,62,79
48,65,80
49,64,66,81
50,65,67,82
51,66,68,83
52,67,69,84
53,68,70,85
54,69,71,86
55,70,72,87
56,71,73,88
57,72,74,89
58,73,75,90
59,74,76,91
60,75,77,92
61,76,78,93
62,77,79,94
63,78,95
64,81,96
65,80,82,97
66,81,83,98
67,82,84,99
68,83,85,100
69,84,86,101
70,85,87,102
71,86,88,103
72,87,89,104
73,88,90,105
74,89,91,106
75,90,92,107
76,91,93,108
77,92,94,109
78,93,95,110
79,94,111
80,97,112
81,96,98,113
82,97,99,114
83,98,100,115
84,99,101,116
85,100,102,117
86,101,103,118
87,102,104,119
88,103,105,120
89,104,106,121
90,105,107,122
91,106,108,123
92,107,109,124
93,108,110,125
94,109,111,126
95,110,127
96,113,128
97,112,114,129
98,113,115,130
99,114,116,131
100,115,117,132
101,116,118,133
102,117,119,134
103,118,120,135
104,119,121,136
105,120,122,137
106,121,123,138
107,122,124,139
108,123,125,140
109,124,126,141
110,125,127,142
111,126,143
112,129,144
113,128,130,145
114,129,131,146
115,130,132,147
116,131,133,148
117,132,134,149
118,133,135,150
119,134,136,151
120,135,137,152
121,136,138,153
122,137,139,154
123,138,140,155
124,139,141,156
125,140,142,157
126,141,143,158
127,142,159
128,145
129,144,146
130,145,147
131,146,148
132,147,149
133,148,150
134,149,151
135,150,152
136,151,153
137,152,154
138,153,155
139,154,156
140,155,157
141,156,158
142,157,159
143,158
0,0,40,50
50,0,50,50
110,0,50,40
170,0,60,40
240,0,40,40
290,0,60,40
360,0,40,50
410,0,60,50
480,0,50,40
540,0,40,50
590,0,50,40
650,0,50,40
710,0,60,40
780,0,50,40
840,0,40,50
890,0,50,40
0,60,40,40
50,60,50,50
110,50,50,50
170,50,50,60
230,50,50,50
290,50,60,50
360,60,40,40
410,60,50,40
470,50,60,50
540,60,40,50
590,50,60,60
660,50,50,60
720,50,40,60
770,50,50,60
830,60,50,50
890,50,50,50
0,110,50,50
60,120,50,50
120,110,50,50
180,120,50,50
240,110,50,60
300,110,40,50
350,110,50,60
410,110,60,50
480,110,40,50
530,120,50,40
590,120,50,40
650,120,50,40
710,120,50,50
770,120,50,50
830,120,50,40
890,110,50,50
0,170,50,60
60,180,40,40
110,170,60,50
180,180,50,40
240,180,40,50
290,170,50,60
350,180,60,40
420,170,50,60
480,170,40,50
530,170,60,50
600,170,50,60
660,170,50,50
720,180,40,40
770,180,50,40
830,170,60,50
900,170,40,50
0,240,50,50
60,230,40,60
110,230,60,50
180,230,50,60
240,240,40,50
290,240,60,50
360,230,40,50
410,240,50,50
470,230,60,60
540,230,50,60
600,240,40,50
650,230,50,50
710,230,60,50
780,230,50,60
840,230,40,50
890,230,50,50
0,300,40,50
50,300,50,50
110,290,60,50
180,300,50,50
240,300,50,40
300,300,40,50
350,290,60,60
420,300,40,40
470,300,60,50
540,300,40,50
590,300,60,50
660,290,50,60
720,290,50,50
780,300,50,40
840,290,40,60
890,290,50,60
0,360,40,40
50,360,60,40
120,350,50,50
180,360,50,40
240,350,50,60
300,360,50,50
360,360,50,40
420,350,40,50
470,360,50,40
530,360,50,50
590,360,60,50
660,360,40,50
710,350,50,50
770,350,60,50
840,360,50,50
900,360,40,40
0,410,50,50
60,410,50,50
120,410,50,50
180,410,40,60
230,420,50,40
290,420,60,50
360,410,40,60
410,410,50,60
470,410,60,50
540,420,50,40
600,420,50,40
660,420,40,40
710,410,50,50
770,410,60,60
840,420,40,50
890,410,50,50
0,470,50,60
60,470,40,50
110,470,60,50
180,480,50,40
240,470,50,60
300,480,40,50
350,480,50,50
410,480,50,40
470,470,50,50
530,470,50,60
590,470,60,60
660,470,40,60
710,470,60,50
780,480,50,50
840,480,50,40
900,470,40,50
0,540,40,40
50,530,60,50
120,530,40,50
170,530,60,50
240,540,40,40
290,540,50,40
350,540,50,40
410,530,50,50
470,530,60,50
540,540,40,40
590,540,50,40
650,540,60,40
720,530,40,50
770,540,50,40
830,530,60,50
900,530,40,50